C=sparse(80, 48);
C(   1,    1) =  1.0000000000000000e+00;
C(   2,    1) =  1.0000000000000000e+00;
C(   3,    1) =  1.0000000000000000e+00;
C(   4,    1) =  1.0000000000000000e+00;
C(   5,    1) =  1.0000000000000000e+00;
C(   6,    1) =  1.0000000000000000e+00;
C(  75,    1) =  1.0000000000000002e+00;
C(  77,    1) = -1.0000000000000004e+00;
C(  79,    1) = -9.9999999999999944e-01;
C(   1,    2) =  1.0000000000000000e+00;
C(   2,    2) =  1.0000000000000000e+00;
C(   3,    2) =  1.0000000000000000e+00;
C(   4,    2) =  1.0000000000000000e+00;
C(   5,    2) =  1.0000000000000000e+00;
C(   6,    2) =  1.0000000000000000e+00;
C(  75,    2) = -1.0000000000000000e+00;
C(  77,    2) =  1.0000000000000007e+00;
C(  79,    2) = -1.0000000000000009e+00;
C(   1,    3) =  1.0000000000000000e+00;
C(   2,    3) =  1.0000000000000000e+00;
C(   3,    3) =  1.0000000000000000e+00;
C(   4,    3) =  1.0000000000000000e+00;
C(   5,    3) =  1.0000000000000000e+00;
C(   6,    3) =  1.0000000000000000e+00;
C(  67,    3) =  1.0000000000000000e+00;
C(  71,    3) =  1.0000000000000000e+00;
C(  73,    3) =  1.0000000000000000e+00;
C(  75,    3) = -1.0000000000000004e+00;
C(  76,    3) =  1.0000000000000002e+00;
C(  77,    3) = -1.0000000000000004e+00;
C(  78,    3) = -1.0000000000000004e+00;
C(  79,    3) =  1.0000000000000004e+00;
C(  80,    3) = -9.9999999999999944e-01;
C(   1,    4) = -1.0000000000000000e+00;
C(   2,    4) = -1.0000000000000000e+00;
C(   3,    4) = -1.0000000000000000e+00;
C(   4,    4) = -1.0000000000000000e+00;
C(   5,    4) = -1.0000000000000000e+00;
C(   6,    4) = -1.0000000000000000e+00;
C(   1,    5) = -1.0000000000000000e+00;
C(   2,    5) = -1.0000000000000000e+00;
C(   3,    5) = -1.0000000000000000e+00;
C(   4,    5) = -1.0000000000000000e+00;
C(   5,    5) = -1.0000000000000000e+00;
C(   6,    5) = -1.0000000000000000e+00;
C(  68,    5) =  1.0000000000000000e+00;
C(  72,    5) =  1.0000000000000000e+00;
C(  74,    5) =  1.0000000000000000e+00;
C(  76,    5) = -1.0000000000000000e+00;
C(  78,    5) =  1.0000000000000007e+00;
C(  80,    5) = -1.0000000000000009e+00;
C(   1,    6) = -1.0000000000000000e+00;
C(   2,    6) = -1.0000000000000000e+00;
C(   3,    6) = -1.0000000000000000e+00;
C(   4,    6) = -1.0000000000000000e+00;
C(   5,    6) = -1.0000000000000000e+00;
C(   6,    6) = -1.0000000000000000e+00;
C(  76,    6) = -1.0000000000000004e+00;
C(  78,    6) = -1.0000000000000004e+00;
C(  80,    6) =  1.0000000000000004e+00;
C(   7,    7) =  1.0000000000000000e+00;
C(   8,    7) =  1.0000000000000000e+00;
C(   9,    7) =  1.0000000000000000e+00;
C(  10,    7) =  1.0000000000000000e+00;
C(  11,    7) =  1.0000000000000000e+00;
C(  12,    7) =  1.0000000000000000e+00;
C(  73,    7) =  9.9999999999999978e-01;
C(   7,    8) =  1.0000000000000000e+00;
C(   8,    8) =  1.0000000000000000e+00;
C(   9,    8) =  1.0000000000000000e+00;
C(  10,    8) =  1.0000000000000000e+00;
C(  11,    8) =  1.0000000000000000e+00;
C(  12,    8) =  1.0000000000000000e+00;
C(  73,    8) = -1.0000000000000002e+00;
C(   7,    9) =  1.0000000000000000e+00;
C(   8,    9) =  1.0000000000000000e+00;
C(   9,    9) =  1.0000000000000000e+00;
C(  10,    9) =  1.0000000000000000e+00;
C(  11,    9) =  1.0000000000000000e+00;
C(  12,    9) =  1.0000000000000000e+00;
C(  73,    9) = -9.9999999999999989e-01;
C(  74,    9) =  9.9999999999999978e-01;
C(  75,    9) =  1.0000000000000000e+00;
C(   7,   10) = -1.0000000000000000e+00;
C(   8,   10) = -1.0000000000000000e+00;
C(   9,   10) = -1.0000000000000000e+00;
C(  10,   10) = -1.0000000000000000e+00;
C(  11,   10) = -1.0000000000000000e+00;
C(  12,   10) = -1.0000000000000000e+00;
C(   7,   11) = -1.0000000000000000e+00;
C(   8,   11) = -1.0000000000000000e+00;
C(   9,   11) = -1.0000000000000000e+00;
C(  10,   11) = -1.0000000000000000e+00;
C(  11,   11) = -1.0000000000000000e+00;
C(  12,   11) = -1.0000000000000000e+00;
C(  74,   11) = -1.0000000000000002e+00;
C(  76,   11) =  1.0000000000000000e+00;
C(   7,   12) = -1.0000000000000000e+00;
C(   8,   12) = -1.0000000000000000e+00;
C(   9,   12) = -1.0000000000000000e+00;
C(  10,   12) = -1.0000000000000000e+00;
C(  11,   12) = -1.0000000000000000e+00;
C(  12,   12) = -1.0000000000000000e+00;
C(  74,   12) = -9.9999999999999989e-01;
C(  13,   13) =  1.0000000000000000e+00;
C(  14,   13) =  1.0000000000000000e+00;
C(  15,   13) =  1.0000000000000000e+00;
C(  16,   13) =  1.0000000000000000e+00;
C(  17,   13) =  1.0000000000000000e+00;
C(  18,   13) =  1.0000000000000000e+00;
C(  69,   13) =  9.9999999999999989e-01;
C(  71,   13) = -1.0000000000000011e+00;
C(  13,   14) =  1.0000000000000000e+00;
C(  14,   14) =  1.0000000000000000e+00;
C(  15,   14) =  1.0000000000000000e+00;
C(  16,   14) =  1.0000000000000000e+00;
C(  17,   14) =  1.0000000000000000e+00;
C(  18,   14) =  1.0000000000000000e+00;
C(  69,   14) = -9.9999999999999944e-01;
C(  71,   14) =  1.0000000000000007e+00;
C(  13,   15) =  1.0000000000000000e+00;
C(  14,   15) =  1.0000000000000000e+00;
C(  15,   15) =  1.0000000000000000e+00;
C(  16,   15) =  1.0000000000000000e+00;
C(  17,   15) =  1.0000000000000000e+00;
C(  18,   15) =  1.0000000000000000e+00;
C(  49,   15) =  1.0000000000000000e+00;
C(  69,   15) = -1.0000000000000007e+00;
C(  70,   15) =  9.9999999999999989e-01;
C(  71,   15) = -9.9999999999999978e-01;
C(  72,   15) = -1.0000000000000011e+00;
C(  77,   15) =  1.0000000000000000e+00;
C(  13,   16) = -1.0000000000000000e+00;
C(  14,   16) = -1.0000000000000000e+00;
C(  15,   16) = -1.0000000000000000e+00;
C(  16,   16) = -1.0000000000000000e+00;
C(  17,   16) = -1.0000000000000000e+00;
C(  18,   16) = -1.0000000000000000e+00;
C(  13,   17) = -1.0000000000000000e+00;
C(  14,   17) = -1.0000000000000000e+00;
C(  15,   17) = -1.0000000000000000e+00;
C(  16,   17) = -1.0000000000000000e+00;
C(  17,   17) = -1.0000000000000000e+00;
C(  18,   17) = -1.0000000000000000e+00;
C(  50,   17) =  1.0000000000000000e+00;
C(  70,   17) = -9.9999999999999944e-01;
C(  72,   17) =  1.0000000000000007e+00;
C(  78,   17) =  1.0000000000000000e+00;
C(  13,   18) = -1.0000000000000000e+00;
C(  14,   18) = -1.0000000000000000e+00;
C(  15,   18) = -1.0000000000000000e+00;
C(  16,   18) = -1.0000000000000000e+00;
C(  17,   18) = -1.0000000000000000e+00;
C(  18,   18) = -1.0000000000000000e+00;
C(  70,   18) = -1.0000000000000007e+00;
C(  72,   18) = -9.9999999999999978e-01;
C(  19,   19) =  1.0000000000000000e+00;
C(  20,   19) =  1.0000000000000000e+00;
C(  21,   19) =  1.0000000000000000e+00;
C(  22,   19) =  1.0000000000000000e+00;
C(  23,   19) =  1.0000000000000000e+00;
C(  24,   19) =  1.0000000000000000e+00;
C(  65,   19) =  1.0000000000000004e+00;
C(  67,   19) = -9.9999999999999967e-01;
C(  19,   20) =  1.0000000000000000e+00;
C(  20,   20) =  1.0000000000000000e+00;
C(  21,   20) =  1.0000000000000000e+00;
C(  22,   20) =  1.0000000000000000e+00;
C(  23,   20) =  1.0000000000000000e+00;
C(  24,   20) =  1.0000000000000000e+00;
C(  65,   20) = -1.0000000000000004e+00;
C(  67,   20) = -9.9999999999999989e-01;
C(  19,   21) =  1.0000000000000000e+00;
C(  20,   21) =  1.0000000000000000e+00;
C(  21,   21) =  1.0000000000000000e+00;
C(  22,   21) =  1.0000000000000000e+00;
C(  23,   21) =  1.0000000000000000e+00;
C(  24,   21) =  1.0000000000000000e+00;
C(  53,   21) =  1.0000000000000000e+00;
C(  65,   21) = -1.0000000000000000e+00;
C(  66,   21) =  1.0000000000000004e+00;
C(  67,   21) =  9.9999999999999978e-01;
C(  68,   21) = -9.9999999999999967e-01;
C(  79,   21) =  1.0000000000000000e+00;
C(  19,   22) = -1.0000000000000000e+00;
C(  20,   22) = -1.0000000000000000e+00;
C(  21,   22) = -1.0000000000000000e+00;
C(  22,   22) = -1.0000000000000000e+00;
C(  23,   22) = -1.0000000000000000e+00;
C(  24,   22) = -1.0000000000000000e+00;
C(  19,   23) = -1.0000000000000000e+00;
C(  20,   23) = -1.0000000000000000e+00;
C(  21,   23) = -1.0000000000000000e+00;
C(  22,   23) = -1.0000000000000000e+00;
