# Multiscale data

[general]
# Space dimension
dimension=2

# Polynomial degree n
polynomial_degree=2

[scaling functions]
# Number of scaling functions N = binomial (n+d,d) for dimension d=2
no_sf=6

# Coefficients of N scaling functions, each with N coefficients
# order of scaling functions matches the multiscale matrices;
# each line contains coefficient vector of 1 scaling function:
# coefficients are sorted firstly by degree and then lexicographically
# 1 | x, y | x^2, x*y, y^2 | x^3, x^2*y, x*y^2, y^3 | ...
sf[000] =  1 -2 -2  1  2  1
sf[001] =  0  2  0 -2 -2  0
sf[002] =  0  0  2  0 -2 -2 
sf[003] =  0  0  0  1  0  0
sf[004] =  0  0  0  0  2  0
sf[005] =  0  0  0  0  0  1

[nodal contributions]
nc[000] =  1.000000000000000e+00  0.250000000000000e+00  0.000000000000000e+00 0.000000000000000e+00 0.000000000000000e+00 0.250000000000000e+00
nc[001] =  0.000000000000000e+00  5.000000000000000e-01  0.000000000000000e+00 0.000000000000000e+00 0.000000000000000e+00 0.000000000000000e+00
nc[002] =  0.000000000000000e+00  0.000000000000000e+00  0.000000000000000e+00 0.000000000000000e+00 0.000000000000000e+00 5.000000000000000e-01
nc[003] =  0.000000000000000e+00  0.250000000000000e+00  1.000000000000000e+00 0.250000000000000e+00 0.000000000000000e+00 0.000000000000000e+00
nc[004] =  0.000000000000000e+00  0.000000000000000e+00  0.000000000000000e+00 5.000000000000000e-01 0.000000000000000e+00 0.000000000000000e+00
nc[005] =  0.000000000000000e+00  0.000000000000000e+00  0.000000000000000e+00 0.250000000000000e+00 1.000000000000000e+00 0.250000000000000e+00

[Lagrange basis]
lag[000] =  1.000000000000000e+00  0.000000000000000e+00  0.000000000000000e+00  0.000000000000000e+00  0.000000000000000e+00  0.000000000000000e+00
lag[001] = -5.000000000000000e-01  2.000000000000000e+00  0.000000000000000e+00 -5.000000000000000e-01  0.000000000000000e+00  0.000000000000000e+00
lag[002] = -5.000000000000000e-01  0.000000000000000e+00  2.000000000000000e+00  0.000000000000000e+00  0.000000000000000e+00 -5.000000000000000e-01
lag[003] =  0.000000000000000e+00  0.000000000000000e+00  0.000000000000000e+00  1.000000000000000e+00  0.000000000000000e+00  0.000000000000000e+00
lag[004] =  0.000000000000000e+00  0.000000000000000e+00  0.000000000000000e+00 -5.000000000000000e-01  2.000000000000000e+00 -5.000000000000000e-01
lag[005] =  0.000000000000000e+00  0.000000000000000e+00  0.000000000000000e+00  0.000000000000000e+00  0.000000000000000e+00  1.000000000000000e+00

