# Multiscale data

[general]
# Space dimension
dimension=2
interpolatory_basis = 0

# Polynomial degree n
polynomial_degree=4

[scaling functions]
# Number of scaling functions N = binomial (n+d,d) for dimension d=2
no_sf=15

# Coefficients of N scaling functions, each with N coefficients
# order of scaling functions matches the multiscale matrices;
# each line contains coefficient vector of 1 scaling function:
# coefficients are sorted firstly by degree and then lexicographically
# 1 | x, y | x^2, x*y, y^2 | x^3, x^2*y, x*y^2, y^3 | ...
sf[000] =  1  -4  -4   6  12   6  -4 -12 -12  -4   1   4   6   4   1
sf[001] =  0   4   0 -12 -12   0  12  24  12   0  -4 -12 -12  -4   0
sf[002] =  0   0   4   0 -12 -12   0  12  24  12   0  -4 -12 -12  -4
sf[003] =  0   0   0   6   0   0 -12 -12   0   0   6  12   6   0   0
sf[004] =  0   0   0   0  12   0   0 -24 -24   0   0  12  24  12   0
sf[005] =  0   0   0   0   0   6   0   0 -12 -12   0   0   6  12   6
sf[006] =  0   0   0   0   0   0   4   0   0   0  -4  -4   0   0   0
sf[007] =  0   0   0   0   0   0   0  12   0   0   0 -12 -12   0   0
sf[008] =  0   0   0   0   0   0   0   0  12   0   0   0 -12 -12   0
sf[009] =  0   0   0   0   0   0   0   0   0   4   0   0   0  -4  -4
sf[010] =  0   0   0   0   0   0   0   0   0   0   1   0   0   0   0
sf[011] =  0   0   0   0   0   0   0   0   0   0   0   4   0   0   0
sf[012] =  0   0   0   0   0   0   0   0   0   0   0   0   6   0   0
sf[013] =  0   0   0   0   0   0   0   0   0   0   0   0   0   4   0
sf[014] =  0   0   0   0   0   0   0   0   0   0   0   0   0   0   1

[nodal contributions]
nc[000] =  1.000000000000000e+00  0.000000000000000e+00  0.000000000000000e+00
nc[001] =  7.500000000000000e-01  2.500000000000000e-01  0.000000000000000e+00
nc[002] =  7.500000000000000e-01  0.000000000000000e+00  2.500000000000000e-01
nc[003] =  5.000000000000000e-01  5.000000000000000e-01  0.000000000000000e+00
nc[004] =  5.000000000000000e-01  2.500000000000000e-01  2.500000000000000e-01
nc[005] =  5.000000000000000e-01  0.000000000000000e+00  5.000000000000000e-01
nc[006] =  2.500000000000000e-01  7.500000000000000e-01  0.000000000000000e+00
nc[007] =  2.500000000000000e-01  5.000000000000000e-01  2.500000000000000e-01
nc[008] =  2.500000000000000e-01  2.500000000000000e-01  5.000000000000000e-01
nc[009] =  2.500000000000000e-01  0.000000000000000e+00  7.500000000000000e-01
nc[010] =  0.000000000000000e+00  1.000000000000000e+00  0.000000000000000e+00
nc[011] =  0.000000000000000e+00  7.500000000000000e-01  2.500000000000000e-01
nc[012] =  0.000000000000000e+00  5.000000000000000e-01  5.000000000000000e-01
nc[013] =  0.000000000000000e+00  2.500000000000000e-01  7.500000000000000e-01
nc[014] =  0.000000000000000e+00  0.000000000000000e+00  1.000000000000000e+00
