# Multiscale data

[general]
# Space dimension
dimension=2

# Polynomial degree n
polynomial_degree=2

[scaling functions]
# Number of scaling functions N = binomial (n+d,d) for dimension d=2
no_sf=6

# Coefficients of N scaling functions, each with N coefficients
# order of scaling functions matches the multiscale matrices;
# each line contains coefficient vector of 1 scaling function:
# coefficients are sorted firstly by degree and then lexicographically
# 1 | x, y | x^2, x*y, y^2 | x^3, x^2*y, x*y^2, y^3 | ...
sf[000] =  1 -3 -3 2 4 2
sf[001] = 0 4 0 -4 -4 0 
sf[002] = 0 -1 0 2 0 0
sf[003] =  0 0 0 0 4 0
sf[004] =  0 0 -1 0 0 2
sf[005] =  0 0 4 0 -4 -4


[nodal contributions]
nc[000] =  1.000000000000000e+00  0.000000000000000e+00  0.000000000000000e+00
nc[001] =  6.666666666666667e-01  3.333333333333333e-01  0.000000000000000e+00
nc[002] =  6.666666666666667e-01  0.000000000000000e+00  3.333333333333333e-01
nc[003] =  3.333333333333333e-01  6.666666666666667e-01  0.000000000000000e+00
nc[004] =  3.333333333333333e-01  3.333333333333333e-01  3.333333333333333e-01
nc[005] =  3.333333333333333e-01  0.000000000000000e+00  6.666666666666667e-01
nc[006] =  0.000000000000000e+00  1.000000000000000e+00  0.000000000000000e+00
nc[007] =  0.000000000000000e+00  6.666666666666667e-01  3.333333333333333e-01
nc[008] =  0.000000000000000e+00  3.333333333333333e-01  6.666666666666667e-01
nc[009] =  0.000000000000000e+00  0.000000000000000e+00  1.000000000000000e+00


[Lagrange basis]
lag[000] =   1.000000000000000e+00  0.000000000000000e+00  0.000000000000000e+00  0.000000000000000e+00  0.000000000000000e+00  0.000000000000000e+00  0.000000000000000e+00  0.000000000000000e+00  0.000000000000000e+00  0.000000000000000e+00
lag[001] =   0.000000000000000e+00  1.000000000000000e+00  0.000000000000000e+00  0.000000000000000e+00  0.000000000000000e+00  0.000000000000000e+00  0.000000000000000e+00  0.000000000000000e+00  0.000000000000000e+00  0.000000000000000e+00
lag[002] =   0.000000000000000e+00  0.000000000000000e+00  1.000000000000000e+00  0.000000000000000e+00  0.000000000000000e+00  0.000000000000000e+00  0.000000000000000e+00  0.000000000000000e+00  0.000000000000000e+00  0.000000000000000e+00
lag[003] =   0.000000000000000e+00  0.000000000000000e+00  0.000000000000000e+00  1.000000000000000e+00  0.000000000000000e+00  0.000000000000000e+00  0.000000000000000e+00  0.000000000000000e+00  0.000000000000000e+00  0.000000000000000e+00
lag[004] =   0.000000000000000e+00  0.000000000000000e+00  0.000000000000000e+00  0.000000000000000e+00  1.000000000000000e+00  0.000000000000000e+00  0.000000000000000e+00  0.000000000000000e+00  0.000000000000000e+00  0.000000000000000e+00
lag[005] =   0.000000000000000e+00  0.000000000000000e+00  0.000000000000000e+00  0.000000000000000e+00  0.000000000000000e+00  1.000000000000000e+00  0.000000000000000e+00  0.000000000000000e+00  0.000000000000000e+00  0.000000000000000e+00
lag[006] =   0.000000000000000e+00  0.000000000000000e+00  0.000000000000000e+00  0.000000000000000e+00  0.000000000000000e+00  0.000000000000000e+00  1.000000000000000e+00  0.000000000000000e+00  0.000000000000000e+00  0.000000000000000e+00
lag[007] =   0.000000000000000e+00  0.000000000000000e+00  0.000000000000000e+00  0.000000000000000e+00  0.000000000000000e+00  0.000000000000000e+00  0.000000000000000e+00  1.000000000000000e+00  0.000000000000000e+00  0.000000000000000e+00
lag[008] =   0.000000000000000e+00  0.000000000000000e+00  0.000000000000000e+00  0.000000000000000e+00  0.000000000000000e+00  0.000000000000000e+00  0.000000000000000e+00  0.000000000000000e+00  1.000000000000000e+00  0.000000000000000e+00
lag[009] =   0.000000000000000e+00  0.000000000000000e+00  0.000000000000000e+00  0.000000000000000e+00  0.000000000000000e+00  0.000000000000000e+00  0.000000000000000e+00  0.000000000000000e+00  0.000000000000000e+00  1.000000000000000e+00
